0.35
0.356931489
0.363253035
0.369032408
0.37433738
0.379235722
0.383795207
0.388083606
0.39216869
0.396118231
0.4
0.403881769
0.40783131
0.411916394
0.416204793
0.420764278
0.42566262
0.430967592
0.436746965
0.443068511
0.45
0.457591433
0.465821725
0.474652016
0.484043449
0.493957167
0.504354312
0.515196025
0.526443449
0.538057727
0.55
0.562252497
0.574881791
0.587975543
0.60162141
0.615907054
0.630920134
0.646748308
0.663479238
0.681200582
0.7
0.719998578
0.74145111
0.764645814
0.78987091
0.817414617
0.847565154
0.880610742
0.916839599
0.956539946
1
1.047403189
1.098513769
1.152991202
1.210494952
1.27068448
1.333219249
1.397758723
1.463962365
1.531489636
1.6
1.669488664
1.741293813
1.817089377
1.898549284
1.987347465
2.085157848
2.193654364
2.314510942
2.449401511
2.6
2.766802749
2.945595736
3.130987348
3.317585974
3.5
3.673153057
3.833229744
3.976729903
4.100153374
4.2
4.274185022
4.326285287
4.361293041
4.384200529
4.4
4.412906853
4.424029107
4.433697935
4.442244508
4.45
4.45723868
4.464007203
4.470295321
4.476092787
4.481389352
4.48617477
4.490438791
4.494171168
4.497361654
4.5
4.502075959
4.503579282
4.504499722
4.504827031
4.504550961
4.503661265
4.502147694
4.5
